45 cells, 5 workers, start 18:06:58
[OK ] SMD/AT 368s
[OK ] SWaT/cmhmil_seed7 387s
[OK ] BATADAL/gmm 872s
[OK ] NEweather/gmm 939s
[OK ] SWaT/gmm 357s
[OK ] SWaT/AT 3051s
[OK ] TSB000/gmm 326s
[OK ] TSB001/gmm 17s
[OK ] TSB002/gmm 18s
[OK ] MetroPT3/cmhmil_seed7 3789s
[OK ] TSB018/gmm 143s
[OK ] TSB019/gmm 615s
[OK ] TSB031/gmm 128s
[OK ] TSB032/gmm 188s
[OK ] TSB056/gmm 231s
[OK ] TSB057/gmm 197s
[OK ] TSB078/gmm 359s
[OK ] TSB083/gmm 493s
[OK ] TSB084/gmm 493s
[OK ] MetroPT3/gmm 6394s
[OK ] TSB115/gmm 61s
[OK ] TSB116/gmm 129s
[OK ] TSB128/gmm 31s
[OK ] TSB114/gmm 437s
[OK ] TSB137/gmm 243s
[OK ] TSB143/gmm 23s
[OK ] TSB144/gmm 23s
[OK ] TSB136/gmm 545s
[OK ] TE/cmhmil_seed7 7738s
[OK ] TSB172/gmm 330s
[OK ] TSB173/gmm 188s
[OK ] TSB174/gmm 207s
[OK ] SWaT/iforest 250s
[OK ] BATADAL/lof 591s
[OK ] SWaT/lof 257s
[OK ] NEweather/lof 924s
[OK ] BATADAL/ocsvm 614s
[OK ] TE/gmm 7403s
[OK ] SWaT/ocsvm 267s
[OK ] NEweather/ocsvm 999s
[OK ] MetroPT3/pca 7695s
[OK ] TE/lof 9705s
[OK ] TE/ocsvm 9821s
[OK ] TSB017/gmm 17088s
[OK ] TSB170/gmm 16523s
done 45/45 at 00:45:02
  dataset       scorer     B  n_blocks  size_win_t  size_win_wilcox  size_blk_t  size_blk_wilcox  size_n1_signperm  V_clean
  BATADAL          gmm 10000         9    0.480100         0.404800    0.030800           0.0272            0.0000 0.001368
  BATADAL          lof 10000         9    0.476400         0.403100    0.025200           0.0246            0.0000 0.001330
  BATADAL        ocsvm 10000         9    0.498600         0.454300    0.045300           0.0264            0.0000 0.001489
  BATADAL          pca 10000         9    0.543800         0.541100    0.047600           0.0266            0.0000 0.001873
      MSL cmhmil_seed7 10000        61    0.912000         0.918800    0.049000           0.0492            0.0493 0.001844
      MSL          gmm 10000        61    0.900700         0.894800    0.050100           0.0508            0.0454 0.001413
      MSL      iforest 10000        61    0.900600         0.900700    0.048800           0.0471            0.0462 0.001487
      MSL          lof 10000        61    0.924200         0.929400    0.047400           0.0461            0.0474 0.002322
      MSL        ocsvm 10000        61    0.898600         0.890800    0.050000           0.0520            0.0440 0.001276
      MSL          pca 10000        61    0.895900         0.893000    0.049600           0.0515            0.0444 0.001241
      MSL      pca_w32 10000        61    0.894800         0.895500    0.050500           0.0515            0.0449 0.001317
 MetroPT3 cmhmil_seed7 10000         7    0.948200         0.902100    0.031603           0.0118            0.0000 0.000148
 MetroPT3          gmm 10000         7    0.962100         0.980100    0.049905           0.0127            0.0000 0.001698
 MetroPT3          pca 10000         7    0.963600         0.977700    0.049605           0.0128            0.0000 0.001705
NEweather          gmm 10000      2888    0.105200         0.112300    0.048900           0.0485            0.0477 0.000094
NEweather          lof 10000      2888    0.089300         0.091300    0.047800           0.0489            0.0504 0.000088
NEweather        ocsvm 10000      2888    0.098100         0.099200    0.049600           0.0500            0.0456 0.000093
NEweather          pca 10000      2888    0.088900         0.099300    0.051700           0.0506            0.0507 0.000087
      PSM    at2_seed7 10000       145    0.967000         0.965100    0.050800           0.0495            0.0490 0.014228
      PSM cmhmil_seed7 10000       145    0.969000         0.964600    0.051700           0.0516            0.0472 0.012756
      PSM          gmm 10000       145    0.966000         0.967300    0.050500           0.0491            0.0515 0.010997
      PSM      iforest 10000       145    0.971100         0.968100    0.053300           0.0508            0.0516 0.011510
      PSM          lof 10000       145    0.967500         0.966900    0.050200           0.0510            0.0516 0.012241
      PSM        ocsvm 10000       145    0.964800         0.964000    0.052200           0.0510            0.0503 0.011681
      PSM          pca 10000       145    0.968200         0.967400    0.048000           0.0481            0.0471 0.013605
      PSM      pca_w32 10000       145    0.969500         0.970400    0.045900           0.0473            0.0481 0.013687
     SMAP cmhmil_seed7 10000        97    0.950000         0.952000    0.047200           0.0478            0.0470 0.001226
     SMAP          gmm 10000        97    0.944500         0.945400    0.050900           0.0514            0.0512 0.000844
     SMAP      iforest 10000        97    0.942400         0.944300    0.050000           0.0497            0.0509 0.000794
     SMAP          lof 10000        97    0.945700         0.949400    0.048800           0.0494            0.0534 0.001045
     SMAP        ocsvm 10000        97    0.944800         0.947100    0.050900           0.0508            0.0512 0.000846
     SMAP          pca 10000        97    0.943900         0.944500    0.050900           0.0512            0.0517 0.000830
      SMD           AT 10000        17    0.809700         0.779100    0.049200           0.0458            0.0462 0.000750
      SMD    at2_seed7 10000        17    0.909600         0.912700    0.042700           0.0473            0.0480 0.010036
      SMD cmhmil_seed7 10000        17    0.899700         0.906600    0.045300           0.0478            0.0490 0.006431
      SMD          gmm 10000        17    0.907800         0.919200    0.041900           0.0484            0.0471 0.008546
      SMD      iforest 10000        17    0.878500         0.888600    0.050900           0.0474            0.0454 0.002569
      SMD          lof 10000        17    0.913900         0.929200    0.044500           0.0457            0.0455 0.011061
      SMD        ocsvm 10000        17    0.914300         0.924700    0.046000           0.0461            0.0471 0.011748
      SMD          pca 10000        17    0.910600         0.914900    0.043200           0.0453            0.0465 0.009854
      SMD      pca_w32 10000        17    0.911000         0.913900    0.042500           0.0452            0.0471 0.009971
     SWaT           AT 10000         2         NaN              NaN         NaN              NaN               NaN 0.000000
     SWaT cmhmil_seed7 10000         2         NaN              NaN         NaN              NaN               NaN 0.000000
     SWaT          gmm 10000         2         NaN              NaN         NaN              NaN               NaN 0.000000
     SWaT      iforest 10000         2         NaN              NaN         NaN              NaN               NaN 0.000000
     SWaT          lof 10000         2         NaN              NaN         NaN              NaN               NaN 0.000000
     SWaT        ocsvm 10000         2         NaN              NaN         NaN              NaN               NaN 0.000000
     SWaT          pca 10000         2         NaN              NaN         NaN              NaN               NaN 0.000000
       TE cmhmil_seed7 10000        12    0.865600         0.901800    0.039200           0.0470            0.0487 0.003576
       TE          gmm 10000        12    0.871200         0.898600    0.039300           0.0458            0.0497 0.003596
       TE          lof 10000        12    0.865300         0.899100    0.036800           0.0451            0.0500 0.003524
       TE        ocsvm 10000        12    0.876500         0.900700    0.042200           0.0457            0.0505 0.003573
       TE          pca 10000        12    0.870800         0.901900    0.037800           0.0456            0.0494 0.003460
   TSB000          gmm 10000         7    0.155800         0.131100    0.004705           0.0027            0.0000 0.000020
   TSB000          pca 10000         7    0.125000         0.106000    0.004805           0.0022            0.0000 0.000014
   TSB001          gmm 10000         1         NaN              NaN         NaN              NaN               NaN 0.000000
   TSB001          pca 10000         1         NaN              NaN         NaN              NaN               NaN 0.000000
   TSB002          gmm 10000         2         NaN              NaN         NaN              NaN               NaN 0.000000
   TSB002          pca 10000         2         NaN              NaN         NaN              NaN               NaN 0.000000
   TSB017          gmm 10000        13    0.799300         0.992600    0.041700           0.0409            0.0453 0.004589
   TSB017          pca 10000        13    0.867600         0.945500    0.051100           0.0472            0.0422 0.001739
   TSB018          gmm 10000         3    0.664935         0.664935         NaN              NaN               NaN 0.001207
   TSB018          pca 10000         3    0.664935         0.664935         NaN              NaN               NaN 0.000759
   TSB019          gmm 10000         1         NaN              NaN         NaN              NaN               NaN 0.000000
   TSB019          pca 10000         1         NaN              NaN         NaN              NaN               NaN 0.000000
   TSB031          gmm 10000         1         NaN              NaN         NaN              NaN               NaN 0.000000
   TSB031          pca 10000         1         NaN              NaN         NaN              NaN               NaN 0.000000
   TSB032          gmm 10000         1         NaN              NaN         NaN              NaN               NaN 0.000000
   TSB032          pca 10000         1         NaN              NaN         NaN              NaN               NaN 0.000000
   TSB056          gmm 10000        15    0.785600         0.815800    0.045500           0.0465            0.0489 0.001231
   TSB056          pca 10000        15    0.713300         0.740200    0.050600           0.0490            0.0514 0.000664
   TSB057          gmm 10000        17    0.805800         0.833800    0.038400           0.0461            0.0456 0.001825
   TSB057          pca 10000        17    0.827800         0.857800    0.044900           0.0462            0.0445 0.002254
   TSB078          gmm 10000       197    0.812300         0.828700    0.048300           0.0480            0.0480 0.000831
   TSB078          pca 10000       197    0.761200         0.781400    0.052000           0.0503            0.0481 0.000500
   TSB083          gmm 10000        23    0.936600         0.940400    0.049800           0.0501            0.0463 0.001184
   TSB083          pca 10000        23    0.935600         0.939100    0.052800           0.0504            0.0503 0.001205
   TSB084          gmm 10000        91    0.666100         0.708600    0.048200           0.0473            0.0509 0.000055
   TSB084          pca 10000        91    0.441400         0.513500    0.048300           0.0491            0.0511 0.000016
   TSB114          gmm 10000       145    0.964200         0.963800    0.047600           0.0472            0.0500 0.011381
   TSB114          pca 10000       145    0.971700         0.968500    0.049300           0.0492            0.0475 0.014784
   TSB115          gmm 10000       447    0.532400         0.586700         NaN              NaN               NaN 0.000569
   TSB115          pca 10000       447    0.291700         0.360300         NaN              NaN               NaN 0.000210
   TSB116          gmm 10000      1235    0.093000         0.144900         NaN              NaN               NaN 0.000123
   TSB116          pca 10000      1235    0.149300         0.216900         NaN              NaN               NaN 0.000156
   TSB128          gmm 10000         3    0.367825         0.870023         NaN              NaN               NaN 0.000736
   TSB128          pca 10000         3    0.367825         0.914236         NaN              NaN               NaN 0.000484
   TSB136          gmm 10000       407    0.854100         0.847500         NaN              NaN               NaN 0.000134
   TSB136          pca 10000       407    0.872200         0.871300         NaN              NaN               NaN 0.000178
   TSB137          gmm 10000         5    0.819300         0.996975    0.027153              NaN            0.0000 0.025816
   TSB137          pca 10000         5    0.797923         0.950388    0.035732              NaN            0.0000 0.021874
   TSB143          gmm 10000         3    0.664935         0.664935         NaN              NaN               NaN 0.000259
   TSB143          pca 10000         3    0.162472         0.664935         NaN              NaN               NaN 0.000064
   TSB144          gmm 10000         3    0.502464         0.502464         NaN              NaN               NaN 0.000164
   TSB144          pca 10000         3    0.500866         0.500866         NaN              NaN               NaN 0.000876
   TSB170          gmm 10000        13    0.893500         0.893400    0.055800           0.0463            0.0483 0.015120
   TSB170          pca 10000        13    0.882200         0.886100    0.055100           0.0495            0.0442 0.013949
   TSB172          gmm 10000        45    0.954700         0.982100    0.052100           0.0496            0.0511 0.010693
   TSB172          pca 10000        45    0.869600         0.872700    0.051500           0.0513            0.0488 0.000550
   TSB173          gmm 10000         4    0.615753         0.692602    0.008554              NaN            0.0000 0.000166
   TSB173          pca 10000         4    0.595982         0.664647    0.008554              NaN            0.0000 0.000181
   TSB174          gmm 10000         5    0.729082         0.907943    0.000000              NaN            0.0000 0.001153
   TSB174          pca 10000         5    0.589430         0.693917    0.000000              NaN            0.0000 0.001448
     WADI cmhmil_seed7 10000        17    0.842500         0.852200    0.050800           0.0482            0.0478 0.000443
     WADI          gmm 10000        17    0.923300         0.941400    0.050900           0.0486            0.0500 0.004600
     WADI      iforest 10000        17    0.840800         0.835900    0.047700           0.0475            0.0486 0.000237
     WADI          lof 10000        17    0.851900         0.864300    0.050700           0.0483            0.0506 0.000943
     WADI        ocsvm 10000        17    0.911600         0.913900    0.049900           0.0482            0.0468 0.001841
     WADI          pca 10000        17    0.907500         0.925900    0.051400           0.0480            0.0472 0.003379

已写出: D:/0科研/工作1/第15篇SCI/02_实验记录/results/e3_clean_summary.csv
